alpha:-0.801762
alpha_inc:0.0490874
beta:0.212712
beta_inc:0.0490874
gamma:65
gamma_inc:1
