alpha:-6.69225
alpha_inc:0.0490874
beta:0.261799
beta_inc:0.0490874
gamma:40
gamma_inc:1
